Date,Home,Away
2010-04-01,Los Angeles,Tijuana
2010-04-01,Vancouver,Denver
2010-04-01,Merida,Monterrey
2010-04-01,Dallas,San Antonio
2010-04-01,Oakland,Phoenix
2010-04-02,Nashville,Charlotte
2010-04-02,Seattle,Calgary
2010-04-02,Birmingham,Atlanta
2010-04-02,Los Angeles,Tijuana
2010-04-02,Vancouver,Denver
2010-04-02,Merida,Monterrey
2010-04-02,Dallas,San Antonio
2010-04-02,Oakland,Phoenix
2010-04-03,Nashville,Charlotte
2010-04-03,Seattle,Calgary
2010-04-03,Birmingham,Atlanta
2010-04-03,Los Angeles,Tijuana
2010-04-03,Vancouver,Denver
2010-04-03,Merida,Monterrey
2010-04-03,Dallas,San Antonio
2010-04-03,Oakland,Phoenix
2010-04-04,Nashville,Charlotte
2010-04-04,Seattle,Calgary
2010-04-04,Birmingham,Atlanta
2010-04-05,Calgary,Denver
2010-04-04,Dallas,Merida
2010-04-04,Tijuana,Oakland
2010-04-05,Birmingham,Charlotte
2010-04-05,Seattle,Vancouver
2010-04-05,Nashville,Atlanta
2010-04-05,Los Angeles,Phoenix
2010-04-05,San Antonio,Monterrey
2010-04-06,Calgary,Denver
2010-04-05,Dallas,Merida
2010-04-05,Tijuana,Oakland
2010-04-06,Birmingham,Charlotte
2010-04-06,Seattle,Vancouver
2010-04-06,Nashville,Atlanta
2010-04-06,Los Angeles,Phoenix
2010-04-06,San Antonio,Monterrey
2010-04-07,Calgary,Denver
2010-04-06,Dallas,Merida
2010-04-06,Tijuana,Oakland
2010-04-07,Birmingham,Charlotte
2010-04-07,Seattle,Vancouver
2010-04-07,Nashville,Atlanta
2010-04-07,Los Angeles,Phoenix
2010-04-07,San Antonio,Monterrey
2010-04-08,Phoenix,Tijuana
2010-04-08,San Antonio,Dallas
2010-04-08,Atlanta,Charlotte
2010-04-08,Vancouver,Seattle
2010-04-08,Los Angeles,Oakland
2010-04-08,Birmingham,Nashville
2010-04-08,Monterrey,Merida
2010-04-08,Denver,Calgary
2010-04-09,Phoenix,Tijuana
2010-04-09,San Antonio,Dallas
2010-04-09,Atlanta,Charlotte
2010-04-09,Vancouver,Seattle
2010-04-09,Los Angeles,Oakland
2010-04-09,Birmingham,Nashville
2010-04-09,Monterrey,Merida
2010-04-09,Denver,Calgary
2010-04-10,Phoenix,Tijuana
2010-04-10,San Antonio,Dallas
2010-04-10,Atlanta,Charlotte
2010-04-10,Vancouver,Seattle
2010-04-10,Los Angeles,Oakland
2010-04-10,Birmingham,Nashville
2010-04-10,Monterrey,Merida
2010-04-10,Denver,Calgary
2010-04-11,Oakland,Tijuana
2010-04-11,San Antonio,Merida
2010-04-11,Calgary,Vancouver
2010-04-11,Charlotte,Atlanta
2010-04-11,Nashville,Birmingham
2010-04-11,Denver,Seattle
2010-04-11,Dallas,Monterrey
2010-04-11,Phoenix,Los Angeles
2010-04-12,Oakland,Tijuana
2010-04-12,San Antonio,Merida
2010-04-12,Calgary,Vancouver
2010-04-12,Charlotte,Atlanta
2010-04-12,Nashville,Birmingham
2010-04-12,Denver,Seattle
2010-04-12,Dallas,Monterrey
2010-04-12,Phoenix,Los Angeles
2010-04-13,Oakland,Tijuana
2010-04-13,San Antonio,Merida
2010-04-13,Calgary,Vancouver
2010-04-13,Charlotte,Atlanta
2010-04-13,Nashville,Birmingham
2010-04-13,Denver,Seattle
2010-04-13,Dallas,Monterrey
2010-04-13,Phoenix,Los Angeles
2010-04-14,Atlanta,Nashville
2010-04-14,Seattle,Denver
2010-04-14,Oakland,Los Angeles
2010-04-14,Merida,San Antonio
2010-04-14,Monterrey,Dallas
2010-04-15,Vancouver,Calgary
2010-04-15,Tijuana,Phoenix
2010-04-15,Charlotte,Birmingham
2010-04-15,Atlanta,Nashville
2010-04-15,Seattle,Denver
2010-04-15,Oakland,Los Angeles
2010-04-15,Merida,San Antonio
2010-04-15,Monterrey,Dallas
2010-04-16,Vancouver,Calgary
2010-04-16,Tijuana,Phoenix
2010-04-16,Charlotte,Birmingham
2010-04-16,Atlanta,Nashville
2010-04-16,Seattle,Denver
2010-04-16,Oakland,Los Angeles
2010-04-16,Merida,San Antonio
2010-04-16,Monterrey,Dallas
2010-04-17,Vancouver,Calgary
2010-04-17,Tijuana,Phoenix
2010-04-17,Charlotte,Birmingham
2010-04-18,Calgary,Seattle
2010-04-17,Monterrey,San Antonio
2010-04-18,Phoenix,Oakland
2010-04-17,Merida,Dallas
2010-04-18,Tijuana,Los Angeles
2010-04-18,Denver,Vancouver
2010-04-18,Charlotte,Nashville
2010-04-18,Atlanta,Birmingham
2010-04-19,Calgary,Seattle
2010-04-18,Monterrey,San Antonio
2010-04-19,Phoenix,Oakland
2010-04-18,Merida,Dallas
2010-04-19,Tijuana,Los Angeles
2010-04-19,Denver,Vancouver
2010-04-19,Charlotte,Nashville
2010-04-19,Atlanta,Birmingham
2010-04-20,Calgary,Seattle
2010-04-19,Monterrey,San Antonio
2010-04-20,Phoenix,Oakland
2010-04-19,Merida,Dallas
2010-04-20,Tijuana,Los Angeles
2010-04-20,Denver,Vancouver
2010-04-20,Charlotte,Nashville
2010-04-20,Atlanta,Birmingham
2010-04-21,San Antonio,Los Angeles
2010-04-21,Monterrey,Tijuana
2010-04-21,Birmingham,Seattle
2010-04-21,Vancouver,Nashville
2010-04-21,Phoenix,Dallas
2010-04-21,Denver,Charlotte
2010-04-21,Merida,Oakland
2010-04-21,Atlanta,Calgary
2010-04-22,San Antonio,Los Angeles
2010-04-22,Monterrey,Tijuana
2010-04-22,Birmingham,Seattle
2010-04-22,Vancouver,Nashville
2010-04-22,Phoenix,Dallas
2010-04-22,Denver,Charlotte
2010-04-22,Merida,Oakland
2010-04-22,Atlanta,Calgary
2010-04-23,San Antonio,Los Angeles
2010-04-23,Monterrey,Tijuana
2010-04-23,Birmingham,Seattle
2010-04-23,Vancouver,Nashville
2010-04-23,Phoenix,Dallas
2010-04-23,Denver,Charlotte
2010-04-23,Merida,Oakland
2010-04-23,Atlanta,Calgary
2010-04-24,Denver,Birmingham
2010-04-24,Vancouver,Charlotte
2010-04-24,Nashville,Calgary
2010-04-24,San Antonio,Tijuana
2010-04-24,Phoenix,Merida
2010-04-25,Los Angeles,Dallas
2010-04-25,Monterrey,Oakland
2010-04-25,Seattle,Atlanta
2010-04-25,Denver,Birmingham
2010-04-25,Vancouver,Charlotte
2010-04-25,Nashville,Calgary
2010-04-25,San Antonio,Tijuana
2010-04-25,Phoenix,Merida
2010-04-26,Los Angeles,Dallas
2010-04-26,Monterrey,Oakland
2010-04-26,Seattle,Atlanta
2010-04-26,Denver,Birmingham
2010-04-26,Vancouver,Charlotte
2010-04-26,Nashville,Calgary
2010-04-26,San Antonio,Tijuana
2010-04-26,Phoenix,Merida
2010-04-27,Los Angeles,Dallas
2010-04-27,Monterrey,Oakland
2010-04-27,Seattle,Atlanta
2010-04-28,Seattle,Birmingham
2010-04-28,Merida,Los Angeles
2010-04-28,Denver,Atlanta
2010-04-27,Calgary,Charlotte
2010-04-27,San Antonio,Phoenix
2010-04-28,Dallas,Oakland
2010-04-28,Tijuana,Monterrey
2010-04-28,Nashville,Vancouver
2010-04-29,Seattle,Birmingham
2010-04-29,Merida,Los Angeles
2010-04-29,Denver,Atlanta
2010-04-28,Calgary,Charlotte
2010-04-28,San Antonio,Phoenix
2010-04-29,Dallas,Oakland
2010-04-29,Tijuana,Monterrey
2010-04-29,Nashville,Vancouver
2010-04-30,Seattle,Birmingham
2010-04-30,Merida,Los Angeles
2010-04-30,Denver,Atlanta
2010-04-29,Calgary,Charlotte
2010-04-29,San Antonio,Phoenix
2010-04-30,Dallas,Oakland
2010-04-30,Tijuana,Monterrey
2010-04-30,Nashville,Vancouver
2010-05-01,Calgary,Nashville
2010-05-01,Birmingham,Vancouver
2010-05-01,Oakland,San Antonio
2010-05-01,Tijuana,Dallas
2010-05-01,Seattle,Charlotte
2010-05-01,Los Angeles,Merida
2010-05-01,Monterrey,Phoenix
2010-05-01,Atlanta,Denver
2010-05-02,Calgary,Nashville
2010-05-02,Birmingham,Vancouver
2010-05-02,Oakland,San Antonio
2010-05-02,Tijuana,Dallas
2010-05-02,Seattle,Charlotte
2010-05-02,Los Angeles,Merida
2010-05-02,Monterrey,Phoenix
2010-05-02,Atlanta,Denver
2010-05-03,Calgary,Nashville
2010-05-03,Birmingham,Vancouver
2010-05-03,Oakland,San Antonio
2010-05-03,Tijuana,Dallas
2010-05-03,Seattle,Charlotte
2010-05-03,Los Angeles,Merida
2010-05-03,Monterrey,Phoenix
2010-05-03,Atlanta,Denver
2010-05-04,,
2010-05-05,,
2010-05-06,,
2010-05-07,Atlanta,Dallas
2010-05-07,Calgary,Phoenix
2010-05-07,Tijuana,Denver
2010-05-07,Los Angeles,Seattle
2010-05-07,Monterrey,Birmingham
2010-05-08,Charlotte,Merida
2010-05-08,Vancouver,Oakland
2010-05-08,Nashville,San Antonio
2010-05-08,Atlanta,Dallas
2010-05-08,Calgary,Phoenix
2010-05-08,Tijuana,Denver
2010-05-08,Los Angeles,Seattle
2010-05-08,Monterrey,Birmingham
2010-05-09,Charlotte,Merida
2010-05-09,Vancouver,Oakland
2010-05-09,Nashville,San Antonio
2010-05-09,Atlanta,Dallas
2010-05-09,Calgary,Phoenix
2010-05-09,Tijuana,Denver
2010-05-09,Los Angeles,Seattle
2010-05-09,Monterrey,Birmingham
2010-05-10,Charlotte,Merida
2010-05-10,Vancouver,Oakland
2010-05-10,Nashville,San Antonio
2010-05-11,Merida,Birmingham
2010-05-11,Phoenix,Vancouver
2010-05-11,Monterrey,Charlotte
2010-05-10,Seattle,Los Angeles
2010-05-11,Oakland,Calgary
2010-05-11,San Antonio,Atlanta
2010-05-11,Denver,Tijuana
2010-05-11,Dallas,Nashville
2010-05-12,Merida,Birmingham
2010-05-12,Phoenix,Vancouver
2010-05-12,Monterrey,Charlotte
2010-05-11,Seattle,Los Angeles
2010-05-12,Oakland,Calgary
2010-05-12,San Antonio,Atlanta
2010-05-12,Denver,Tijuana
2010-05-12,Dallas,Nashville
2010-05-13,Merida,Birmingham
2010-05-13,Phoenix,Vancouver
2010-05-13,Monterrey,Charlotte
2010-05-12,Seattle,Los Angeles
2010-05-13,Oakland,Calgary
2010-05-13,San Antonio,Atlanta
2010-05-13,Denver,Tijuana
2010-05-13,Dallas,Nashville
2010-05-14,Dallas,Charlotte
2010-05-14,Monterrey,Atlanta
2010-05-14,Birmingham,San Antonio
2010-05-14,Vancouver,Tijuana
2010-05-14,Phoenix,Denver
2010-05-15,Seattle,Oakland
2010-05-15,Nashville,Merida
2010-05-15,Los Angeles,Calgary
2010-05-15,Dallas,Charlotte
2010-05-15,Monterrey,Atlanta
2010-05-15,Birmingham,San Antonio
2010-05-15,Vancouver,Tijuana
2010-05-15,Phoenix,Denver
2010-05-16,Seattle,Oakland
2010-05-16,Nashville,Merida
2010-05-16,Los Angeles,Calgary
2010-05-16,Dallas,Charlotte
2010-05-16,Monterrey,Atlanta
2010-05-16,Birmingham,San Antonio
2010-05-16,Vancouver,Tijuana
2010-05-16,Phoenix,Denver
2010-05-17,Seattle,Oakland
2010-05-17,Nashville,Merida
2010-05-17,Los Angeles,Calgary
2010-05-18,Calgary,Oakland
2010-05-17,Charlotte,Dallas
2010-05-18,Los Angeles,Vancouver
2010-05-18,Seattle,Tijuana
2010-05-17,Atlanta,Monterrey
2010-05-18,Birmingham,Merida
2010-05-18,Denver,Phoenix
2010-05-18,San Antonio,Nashville
2010-05-19,Calgary,Oakland
2010-05-18,Charlotte,Dallas
2010-05-19,Los Angeles,Vancouver
2010-05-19,Seattle,Tijuana
2010-05-18,Atlanta,Monterrey
2010-05-19,Birmingham,Merida
2010-05-19,Denver,Phoenix
2010-05-19,San Antonio,Nashville
2010-05-20,Calgary,Oakland
2010-05-19,Charlotte,Dallas
2010-05-20,Los Angeles,Vancouver
2010-05-20,Seattle,Tijuana
2010-05-19,Atlanta,Monterrey
2010-05-20,Birmingham,Merida
2010-05-20,Denver,Phoenix
2010-05-20,San Antonio,Nashville
2010-05-21,Phoenix,Calgary
2010-05-21,Denver,Oakland
2010-05-21,San Antonio,Charlotte
2010-05-21,Nashville,Dallas
2010-05-21,Vancouver,Los Angeles
2010-05-21,Merida,Atlanta
2010-05-21,Tijuana,Seattle
2010-05-21,Birmingham,Monterrey
2010-05-22,Phoenix,Calgary
2010-05-22,Denver,Oakland
2010-05-22,San Antonio,Charlotte
2010-05-22,Nashville,Dallas
2010-05-22,Vancouver,Los Angeles
2010-05-22,Merida,Atlanta
2010-05-22,Tijuana,Seattle
2010-05-22,Birmingham,Monterrey
2010-05-23,Phoenix,Calgary
2010-05-23,Denver,Oakland
2010-05-23,San Antonio,Charlotte
2010-05-23,Nashville,Dallas
2010-05-23,Vancouver,Los Angeles
2010-05-23,Merida,Atlanta
2010-05-23,Tijuana,Seattle
2010-05-23,Birmingham,Monterrey
2010-05-24,Tijuana,Calgary
2010-05-24,Phoenix,Seattle
2010-05-24,Dallas,Birmingham
2010-05-24,Atlanta,Merida
2010-05-24,Los Angeles,Denver
2010-05-25,Nashville,Monterrey
2010-05-25,Oakland,Vancouver
2010-05-25,Charlotte,San Antonio
2010-05-25,Tijuana,Calgary
2010-05-25,Phoenix,Seattle
2010-05-25,Dallas,Birmingham
2010-05-25,Atlanta,Merida
2010-05-25,Los Angeles,Denver
2010-05-26,Nashville,Monterrey
2010-05-26,Oakland,Vancouver
2010-05-26,Charlotte,San Antonio
2010-05-26,Tijuana,Calgary
2010-05-26,Phoenix,Seattle
2010-05-26,Dallas,Birmingham
2010-05-26,Atlanta,Merida
2010-05-26,Los Angeles,Denver
2010-05-27,Nashville,Monterrey
2010-05-27,Oakland,Vancouver
2010-05-27,Charlotte,San Antonio
2010-05-28,Charlotte,Monterrey
2010-05-28,Tijuana,Vancouver
2010-05-28,San Antonio,Birmingham
2010-05-27,Dallas,Atlanta
2010-05-27,Calgary,Los Angeles
2010-05-28,Seattle,Phoenix
2010-05-28,Oakland,Denver
2010-05-28,Merida,Nashville
2010-05-29,Charlotte,Monterrey
2010-05-29,Tijuana,Vancouver
2010-05-29,San Antonio,Birmingham
2010-05-28,Dallas,Atlanta
2010-05-28,Calgary,Los Angeles
2010-05-29,Seattle,Phoenix
2010-05-29,Oakland,Denver
2010-05-29,Merida,Nashville
2010-05-30,Charlotte,Monterrey
2010-05-30,Tijuana,Vancouver
2010-05-30,San Antonio,Birmingham
2010-05-29,Dallas,Atlanta
2010-05-29,Calgary,Los Angeles
2010-05-30,Seattle,Phoenix
2010-05-30,Oakland,Denver
2010-05-30,Merida,Nashville
2010-05-31,Monterrey,Nashville
2010-05-31,Vancouver,Phoenix
2010-05-31,Denver,Los Angeles
2010-05-31,Oakland,Seattle
2010-05-31,Merida,Charlotte
2010-05-31,Calgary,Tijuana
2010-05-31,Birmingham,Dallas
2010-05-31,Atlanta,San Antonio
2010-06-01,Monterrey,Nashville
2010-06-01,Vancouver,Phoenix
2010-06-01,Denver,Los Angeles
2010-06-01,Oakland,Seattle
2010-06-01,Merida,Charlotte
2010-06-01,Calgary,Tijuana
2010-06-01,Birmingham,Dallas
2010-06-01,Atlanta,San Antonio
2010-06-02,Monterrey,Nashville
2010-06-02,Vancouver,Phoenix
2010-06-02,Denver,Los Angeles
2010-06-02,Oakland,Seattle
2010-06-02,Merida,Charlotte
2010-06-02,Calgary,Tijuana
2010-06-02,Birmingham,Dallas
2010-06-02,Atlanta,San Antonio
2010-06-03,Monterrey,Charlotte
2010-06-03,San Antonio,Nashville
2010-06-03,Los Angeles,Denver
2010-06-03,Vancouver,Tijuana
2010-06-03,Calgary,Phoenix
2010-06-04,Merida,Birmingham
2010-06-04,Atlanta,Dallas
2010-06-04,Seattle,Oakland
2010-06-04,Monterrey,Charlotte
2010-06-04,San Antonio,Nashville
2010-06-04,Los Angeles,Denver
2010-06-04,Vancouver,Tijuana
2010-06-04,Calgary,Phoenix
2010-06-05,Merida,Birmingham
2010-06-05,Atlanta,Dallas
2010-06-05,Seattle,Oakland
2010-06-05,Monterrey,Charlotte
2010-06-05,San Antonio,Nashville
2010-06-05,Los Angeles,Denver
2010-06-05,Vancouver,Tijuana
2010-06-05,Calgary,Phoenix
2010-06-06,Merida,Birmingham
2010-06-06,Atlanta,Dallas
2010-06-06,Seattle,Oakland
2010-06-07,Dallas,Nashville
2010-06-06,Vancouver,Phoenix
2010-06-07,San Antonio,Birmingham
2010-06-06,Tijuana,Denver
2010-06-07,Monterrey,Atlanta
2010-06-07,Los Angeles,Calgary
2010-06-07,Oakland,Seattle
2010-06-07,Charlotte,Merida
2010-06-08,Dallas,Nashville
2010-06-07,Vancouver,Phoenix
2010-06-08,San Antonio,Birmingham
2010-06-07,Tijuana,Denver
2010-06-08,Monterrey,Atlanta
2010-06-08,Los Angeles,Calgary
2010-06-08,Oakland,Seattle
2010-06-08,Charlotte,Merida
2010-06-09,Dallas,Nashville
2010-06-08,Vancouver,Phoenix
2010-06-09,San Antonio,Birmingham
2010-06-08,Tijuana,Denver
2010-06-09,Monterrey,Atlanta
2010-06-09,Los Angeles,Calgary
2010-06-09,Oakland,Seattle
2010-06-09,Charlotte,Merida
2010-06-09,Phoenix,Vancouver
2010-06-10,Birmingham,Merida
2010-06-10,Atlanta,San Antonio
2010-06-10,Oakland,Denver
2010-06-10,Charlotte,Dallas
2010-06-10,Tijuana,Calgary
2010-06-10,Los Angeles,Seattle
2010-06-10,Monterrey,Nashville
2010-06-10,Phoenix,Vancouver
2010-06-11,Birmingham,Merida
2010-06-11,Atlanta,San Antonio
2010-06-11,Oakland,Denver
2010-06-11,Charlotte,Dallas
2010-06-11,Tijuana,Calgary
2010-06-11,Los Angeles,Seattle
2010-06-11,Monterrey,Nashville
2010-06-11,Phoenix,Vancouver
2010-06-12,Birmingham,Merida
2010-06-12,Atlanta,San Antonio
2010-06-12,Oakland,Denver
2010-06-12,Charlotte,Dallas
2010-06-12,Tijuana,Calgary
2010-06-12,Los Angeles,Seattle
2010-06-12,Monterrey,Nashville
2010-06-13,Seattle,Phoenix
2010-06-13,Denver,Oakland
2010-06-13,Los Angeles,Vancouver
2010-06-13,Monterrey,Birmingham
2010-06-13,Dallas,Charlotte
2010-06-14,Merida,Atlanta
2010-06-14,Nashville,San Antonio
2010-06-14,Calgary,Tijuana
2010-06-14,Seattle,Phoenix
2010-06-14,Denver,Oakland
2010-06-14,Los Angeles,Vancouver
2010-06-14,Monterrey,Birmingham
2010-06-14,Dallas,Charlotte
2010-06-15,Merida,Atlanta
2010-06-15,Nashville,San Antonio
2010-06-15,Calgary,Tijuana
2010-06-15,Seattle,Phoenix
2010-06-15,Denver,Oakland
2010-06-15,Los Angeles,Vancouver
2010-06-15,Monterrey,Birmingham
2010-06-15,Dallas,Charlotte
2010-06-16,Merida,Atlanta
2010-06-16,Nashville,San Antonio
2010-06-16,Calgary,Tijuana
2010-06-16,Birmingham,Monterrey
2010-06-16,Denver,Los Angeles
2010-06-17,Phoenix,Calgary
2010-06-17,San Antonio,Charlotte
2010-06-17,Tijuana,Seattle
2010-06-17,Vancouver,Oakland
2010-06-17,Nashville,Dallas
2010-06-17,Atlanta,Merida
2010-06-17,Birmingham,Monterrey
2010-06-17,Denver,Los Angeles
2010-06-18,Phoenix,Calgary
2010-06-18,San Antonio,Charlotte
2010-06-18,Tijuana,Seattle
2010-06-18,Vancouver,Oakland
2010-06-18,Nashville,Dallas
2010-06-18,Atlanta,Merida
2010-06-18,Birmingham,Monterrey
2010-06-18,Denver,Los Angeles
2010-06-19,Phoenix,Calgary
2010-06-19,San Antonio,Charlotte
2010-06-19,Tijuana,Seattle
2010-06-19,Vancouver,Oakland
2010-06-19,Nashville,Dallas
2010-06-19,Atlanta,Merida
2010-06-20,Atlanta,Monterrey
2010-06-20,Phoenix,Seattle
2010-06-20,Oakland,Calgary
2010-06-20,Denver,Tijuana
2010-06-20,Dallas,Birmingham
2010-06-20,Nashville,Merida
2010-06-20,Charlotte,San Antonio
2010-06-20,Vancouver,Los Angeles
2010-06-21,Atlanta,Monterrey
2010-06-21,Phoenix,Seattle
2010-06-21,Oakland,Calgary
2010-06-21,Denver,Tijuana
2010-06-21,Dallas,Birmingham
2010-06-21,Nashville,Merida
2010-06-21,Charlotte,San Antonio
2010-06-21,Vancouver,Los Angeles
2010-06-22,Atlanta,Monterrey
2010-06-22,Phoenix,Seattle
2010-06-22,Oakland,Calgary
2010-06-22,Denver,Tijuana
2010-06-22,Dallas,Birmingham
2010-06-22,Nashville,Merida
2010-06-22,Charlotte,San Antonio
2010-06-22,Vancouver,Los Angeles
2010-06-23,Merida,Nashville
2010-06-23,Calgary,Los Angeles
2010-06-23,Dallas,Atlanta
2010-06-23,Charlotte,Monterrey
2010-06-23,Birmingham,San Antonio
2010-06-24,Oakland,Vancouver
2010-06-24,Seattle,Tijuana
2010-06-24,Denver,Phoenix
2010-06-24,Merida,Nashville
2010-06-24,Calgary,Los Angeles
2010-06-24,Dallas,Atlanta
2010-06-24,Charlotte,Monterrey
2010-06-24,Birmingham,San Antonio
2010-06-25,Oakland,Vancouver
2010-06-25,Seattle,Tijuana
2010-06-25,Denver,Phoenix
2010-06-25,Merida,Nashville
2010-06-25,Calgary,Los Angeles
2010-06-25,Dallas,Atlanta
2010-06-25,Charlotte,Monterrey
2010-06-25,Birmingham,San Antonio
2010-06-26,Oakland,Vancouver
2010-06-26,Seattle,Tijuana
2010-06-26,Denver,Phoenix
2010-06-26,Nashville,Monterrey
2010-06-26,San Antonio,Atlanta
2010-06-27,Phoenix,Denver
2010-06-26,Merida,Charlotte
2010-06-27,Calgary,Oakland
2010-06-27,Birmingham,Dallas
2010-06-27,Seattle,Los Angeles
2010-06-27,Tijuana,Vancouver
2010-06-27,Nashville,Monterrey
2010-06-27,San Antonio,Atlanta
2010-06-28,Phoenix,Denver
2010-06-27,Merida,Charlotte
2010-06-28,Calgary,Oakland
2010-06-28,Birmingham,Dallas
2010-06-28,Seattle,Los Angeles
2010-06-28,Tijuana,Vancouver
2010-06-28,Nashville,Monterrey
2010-06-28,San Antonio,Atlanta
2010-06-29,Phoenix,Denver
2010-06-28,Merida,Charlotte
2010-06-29,Calgary,Oakland
2010-06-29,Birmingham,Dallas
2010-06-29,Seattle,Los Angeles
2010-06-29,Tijuana,Vancouver
2010-06-30,,
2010-07-01,,
2010-07-02,,
2010-07-03,,
2010-07-04,Nashville,Birmingham
2010-07-04,Merida,Monterrey
2010-07-04,Los Angeles,Oakland
2010-07-04,Seattle,Denver
2010-07-04,Dallas,San Antonio
2010-07-05,Tijuana,Phoenix
2010-07-05,Atlanta,Charlotte
2010-07-05,Calgary,Vancouver
2010-07-05,Nashville,Birmingham
2010-07-05,Merida,Monterrey
2010-07-05,Los Angeles,Oakland
2010-07-05,Seattle,Denver
2010-07-05,Dallas,San Antonio
2010-07-06,Tijuana,Phoenix
2010-07-06,Atlanta,Charlotte
2010-07-06,Calgary,Vancouver
2010-07-06,Nashville,Birmingham
2010-07-06,Merida,Monterrey
2010-07-06,Los Angeles,Oakland
2010-07-06,Seattle,Denver
2010-07-06,Dallas,San Antonio
2010-07-07,Tijuana,Phoenix
2010-07-07,Atlanta,Charlotte
2010-07-07,Calgary,Vancouver
2010-07-08,Tijuana,Los Angeles
2010-07-08,Phoenix,Oakland
2010-07-08,Seattle,Vancouver
2010-07-07,Monterrey,Dallas
2010-07-07,Merida,San Antonio
2010-07-08,Charlotte,Birmingham
2010-07-08,Calgary,Denver
2010-07-08,Atlanta,Nashville
2010-07-09,Tijuana,Los Angeles
2010-07-09,Phoenix,Oakland
2010-07-09,Seattle,Vancouver
2010-07-08,Monterrey,Dallas
2010-07-08,Merida,San Antonio
2010-07-09,Charlotte,Birmingham
2010-07-09,Calgary,Denver
2010-07-09,Atlanta,Nashville
2010-07-10,Tijuana,Los Angeles
2010-07-10,Phoenix,Oakland
2010-07-10,Seattle,Vancouver
2010-07-09,Monterrey,Dallas
2010-07-09,Merida,San Antonio
2010-07-10,Charlotte,Birmingham
2010-07-10,Calgary,Denver
2010-07-10,Atlanta,Nashville
2010-07-10,San Antonio,Merida
2010-07-11,Nashville,Charlotte
2010-07-11,Tijuana,Oakland
2010-07-11,Atlanta,Birmingham
2010-07-11,Denver,Vancouver
2010-07-11,Calgary,Seattle
2010-07-11,Dallas,Monterrey
2010-07-11,Los Angeles,Phoenix
2010-07-11,San Antonio,Merida
2010-07-12,Nashville,Charlotte
2010-07-12,Tijuana,Oakland
2010-07-12,Atlanta,Birmingham
2010-07-12,Denver,Vancouver
2010-07-12,Calgary,Seattle
2010-07-12,Dallas,Monterrey
2010-07-12,Los Angeles,Phoenix
2010-07-12,San Antonio,Merida
2010-07-13,Nashville,Charlotte
2010-07-13,Tijuana,Oakland
2010-07-13,Atlanta,Birmingham
2010-07-13,Denver,Vancouver
2010-07-13,Calgary,Seattle
2010-07-13,Dallas,Monterrey
2010-07-13,Los Angeles,Phoenix
2010-07-14,Denver,Seattle
2010-07-14,San Antonio,Dallas
2010-07-14,Birmingham,Charlotte
2010-07-14,Oakland,Tijuana
2010-07-14,Phoenix,Los Angeles
2010-07-15,Monterrey,Merida
2010-07-15,Nashville,Atlanta
2010-07-15,Vancouver,Calgary
2010-07-15,Denver,Seattle
2010-07-15,San Antonio,Dallas
2010-07-15,Birmingham,Charlotte
2010-07-15,Oakland,Tijuana
2010-07-15,Phoenix,Los Angeles
2010-07-16,Monterrey,Merida
2010-07-16,Nashville,Atlanta
2010-07-16,Vancouver,Calgary
2010-07-16,Denver,Seattle
2010-07-16,San Antonio,Dallas
2010-07-16,Birmingham,Charlotte
2010-07-16,Oakland,Tijuana
2010-07-16,Phoenix,Los Angeles
2010-07-17,Monterrey,Merida
2010-07-17,Nashville,Atlanta
2010-07-17,Vancouver,Calgary
2010-07-18,Phoenix,Nashville
2010-07-17,Denver,San Antonio
2010-07-18,Merida,Seattle
2010-07-18,Tijuana,Atlanta
2010-07-17,Los Angeles,Charlotte
2010-07-18,Vancouver,Monterrey
2010-07-18,Oakland,Birmingham
2010-07-18,Dallas,Calgary
2010-07-19,Phoenix,Nashville
2010-07-18,Denver,San Antonio
2010-07-19,Merida,Seattle
2010-07-19,Tijuana,Atlanta
2010-07-18,Los Angeles,Charlotte
2010-07-19,Vancouver,Monterrey
2010-07-19,Oakland,Birmingham
2010-07-19,Dallas,Calgary
2010-07-20,Phoenix,Nashville
2010-07-19,Denver,San Antonio
2010-07-20,Merida,Seattle
2010-07-20,Tijuana,Atlanta
2010-07-19,Los Angeles,Charlotte
2010-07-20,Vancouver,Monterrey
2010-07-20,Oakland,Birmingham
2010-07-20,Dallas,Calgary
2010-07-21,Oakland,Charlotte
2010-07-21,Calgary,Monterrey
2010-07-21,Atlanta,Phoenix
2010-07-21,Denver,Dallas
2010-07-21,Vancouver,San Antonio
2010-07-21,Seattle,Merida
2010-07-21,Los Angeles,Birmingham
2010-07-21,Tijuana,Nashville
2010-07-22,Oakland,Charlotte
2010-07-22,Calgary,Monterrey
2010-07-22,Atlanta,Phoenix
2010-07-22,Denver,Dallas
2010-07-22,Vancouver,San Antonio
2010-07-22,Seattle,Merida
2010-07-22,Los Angeles,Birmingham
2010-07-22,Tijuana,Nashville
2010-07-23,Oakland,Charlotte
2010-07-23,Calgary,Monterrey
2010-07-23,Atlanta,Phoenix
2010-07-23,Denver,Dallas
2010-07-23,Vancouver,San Antonio
2010-07-23,Seattle,Merida
2010-07-23,Los Angeles,Birmingham
2010-07-23,Tijuana,Nashville
2010-07-24,Nashville,Los Angeles
2010-07-24,San Antonio,Vancouver
2010-07-24,Atlanta,Oakland
2010-07-24,Calgary,Merida
2010-07-24,Phoenix,Charlotte
2010-07-25,Seattle,Monterrey
2010-07-25,Dallas,Denver
2010-07-25,Birmingham,Tijuana
2010-07-25,Nashville,Los Angeles
2010-07-25,San Antonio,Vancouver
2010-07-25,Atlanta,Oakland
2010-07-25,Calgary,Merida
2010-07-25,Phoenix,Charlotte
2010-07-26,Seattle,Monterrey
2010-07-26,Dallas,Denver
2010-07-26,Birmingham,Tijuana
2010-07-26,Nashville,Los Angeles
2010-07-26,San Antonio,Vancouver
2010-07-26,Atlanta,Oakland
2010-07-26,Calgary,Merida
2010-07-26,Phoenix,Charlotte
2010-07-27,Seattle,Monterrey
2010-07-27,Dallas,Denver
2010-07-27,Birmingham,Tijuana
2010-07-27,Vancouver,Merida
2010-07-27,San Antonio,Calgary
2010-07-28,Seattle,Dallas
2010-07-27,Nashville,Phoenix
2010-07-27,Charlotte,Los Angeles
2010-07-28,Oakland,Atlanta
2010-07-28,Tijuana,Birmingham
2010-07-28,Monterrey,Denver
2010-07-28,Vancouver,Merida
2010-07-28,San Antonio,Calgary
2010-07-29,Seattle,Dallas
2010-07-28,Nashville,Phoenix
2010-07-28,Charlotte,Los Angeles
2010-07-29,Oakland,Atlanta
2010-07-29,Tijuana,Birmingham
2010-07-29,Monterrey,Denver
2010-07-29,Vancouver,Merida
2010-07-29,San Antonio,Calgary
2010-07-30,Seattle,Dallas
2010-07-29,Nashville,Phoenix
2010-07-29,Charlotte,Los Angeles
2010-07-30,Oakland,Atlanta
2010-07-30,Tijuana,Birmingham
2010-07-30,Monterrey,Denver
2010-07-31,San Antonio,Denver
2010-07-31,Oakland,Nashville
2010-07-31,Dallas,Seattle
2010-07-31,Tijuana,Charlotte
2010-07-30,Merida,Vancouver
2010-07-31,Phoenix,Birmingham
2010-07-31,Monterrey,Calgary
2010-07-31,Los Angeles,Atlanta
2010-08-01,San Antonio,Denver
2010-08-01,Oakland,Nashville
2010-08-01,Dallas,Seattle
2010-08-01,Tijuana,Charlotte
2010-07-31,Merida,Vancouver
2010-08-01,Phoenix,Birmingham
2010-08-01,Monterrey,Calgary
2010-08-01,Los Angeles,Atlanta
2010-08-02,San Antonio,Denver
2010-08-02,Oakland,Nashville
2010-08-02,Dallas,Seattle
2010-08-02,Tijuana,Charlotte
2010-08-01,Merida,Vancouver
2010-08-02,Phoenix,Birmingham
2010-08-02,Monterrey,Calgary
2010-08-02,Los Angeles,Atlanta
2010-08-03,Nashville,Tijuana
2010-08-03,Calgary,Dallas
2010-08-03,Birmingham,Phoenix
2010-08-03,Merida,Denver
2010-08-03,Seattle,San Antonio
2010-08-04,Atlanta,Los Angeles
2010-08-04,Charlotte,Oakland
2010-08-04,Monterrey,Vancouver
2010-08-04,Nashville,Tijuana
2010-08-04,Calgary,Dallas
2010-08-04,Birmingham,Phoenix
2010-08-04,Merida,Denver
2010-08-04,Seattle,San Antonio
2010-08-05,Atlanta,Los Angeles
2010-08-05,Charlotte,Oakland
2010-08-05,Monterrey,Vancouver
2010-08-05,Nashville,Tijuana
2010-08-05,Calgary,Dallas
2010-08-05,Birmingham,Phoenix
2010-08-05,Merida,Denver
2010-08-05,Seattle,San Antonio
2010-08-06,Atlanta,Los Angeles
2010-08-06,Charlotte,Oakland
2010-08-06,Monterrey,Vancouver
2010-08-07,Dallas,Vancouver
2010-08-07,Atlanta,Tijuana
2010-08-07,Monterrey,Seattle
2010-08-07,Charlotte,Phoenix
2010-08-06,Calgary,San Antonio
2010-08-07,Birmingham,Oakland
2010-08-07,Denver,Merida
2010-08-07,Los Angeles,Nashville
2010-08-08,Dallas,Vancouver
2010-08-08,Atlanta,Tijuana
2010-08-08,Monterrey,Seattle
2010-08-08,Charlotte,Phoenix
2010-08-07,Calgary,San Antonio
2010-08-08,Birmingham,Oakland
2010-08-08,Denver,Merida
2010-08-08,Los Angeles,Nashville
2010-08-09,Dallas,Vancouver
2010-08-09,Atlanta,Tijuana
2010-08-09,Monterrey,Seattle
2010-08-09,Charlotte,Phoenix
2010-08-08,Calgary,San Antonio
2010-08-09,Birmingham,Oakland
2010-08-09,Denver,Merida
2010-08-09,Los Angeles,Nashville
2010-08-10,Denver,Monterrey
2010-08-10,Nashville,Oakland
2010-08-10,Vancouver,Dallas
2010-08-10,Merida,Calgary
2010-08-10,Phoenix,Atlanta
2010-08-10,Charlotte,Tijuana
2010-08-10,Birmingham,Los Angeles
2010-08-10,San Antonio,Seattle
2010-08-11,Denver,Monterrey
2010-08-11,Nashville,Oakland
2010-08-11,Vancouver,Dallas
2010-08-11,Merida,Calgary
2010-08-11,Phoenix,Atlanta
2010-08-11,Charlotte,Tijuana
2010-08-11,Birmingham,Los Angeles
2010-08-11,San Antonio,Seattle
2010-08-12,Denver,Monterrey
2010-08-12,Nashville,Oakland
2010-08-12,Vancouver,Dallas
2010-08-12,Merida,Calgary
2010-08-12,Phoenix,Atlanta
2010-08-12,Charlotte,Tijuana
2010-08-12,Birmingham,Los Angeles
2010-08-12,San Antonio,Seattle
2010-08-13,,
2010-08-14,,
2010-08-15,,
2010-08-16,Dallas,Merida
2010-08-16,Charlotte,Atlanta
2010-08-16,Oakland,Phoenix
2010-08-16,Denver,Calgary
2010-08-16,Vancouver,Seattle
2010-08-17,Birmingham,Nashville
2010-08-17,Monterrey,San Antonio
2010-08-17,Los Angeles,Tijuana
2010-08-17,Dallas,Merida
2010-08-17,Charlotte,Atlanta
2010-08-17,Oakland,Phoenix
2010-08-17,Denver,Calgary
2010-08-17,Vancouver,Seattle
2010-08-18,Birmingham,Nashville
2010-08-18,Monterrey,San Antonio
2010-08-18,Los Angeles,Tijuana
2010-08-18,Dallas,Merida
2010-08-18,Charlotte,Atlanta
2010-08-18,Oakland,Phoenix
2010-08-18,Denver,Calgary
2010-08-18,Vancouver,Seattle
2010-08-19,Birmingham,Nashville
2010-08-19,Monterrey,San Antonio
2010-08-19,Los Angeles,Tijuana
2010-08-20,Charlotte,Nashville
2010-08-19,Vancouver,Denver
2010-08-20,Oakland,Los Angeles
2010-08-20,Phoenix,Tijuana
2010-08-20,Birmingham,Atlanta
2010-08-20,Merida,Dallas
2010-08-20,Seattle,Calgary
2010-08-20,San Antonio,Monterrey
2010-08-21,Charlotte,Nashville
2010-08-20,Vancouver,Denver
2010-08-21,Oakland,Los Angeles
2010-08-21,Phoenix,Tijuana
2010-08-21,Birmingham,Atlanta
2010-08-21,Merida,Dallas
2010-08-21,Seattle,Calgary
2010-08-21,San Antonio,Monterrey
2010-08-22,Charlotte,Nashville
2010-08-21,Vancouver,Denver
2010-08-22,Oakland,Los Angeles
2010-08-22,Phoenix,Tijuana
2010-08-22,Birmingham,Atlanta
2010-08-22,Merida,Dallas
2010-08-22,Seattle,Calgary
2010-08-22,San Antonio,Monterrey
2010-08-23,Monterrey,Merida
2010-08-23,Charlotte,Nashville
2010-08-23,Calgary,Denver
2010-08-23,Tijuana,Oakland
2010-08-23,Phoenix,Los Angeles
2010-08-24,Atlanta,Birmingham
2010-08-24,Dallas,San Antonio
2010-08-24,Vancouver,Seattle
2010-08-24,Monterrey,Merida
2010-08-24,Charlotte,Nashville
2010-08-24,Calgary,Denver
2010-08-24,Tijuana,Oakland
2010-08-24,Phoenix,Los Angeles
2010-08-25,Atlanta,Birmingham
2010-08-25,Dallas,San Antonio
2010-08-25,Vancouver,Seattle
2010-08-25,Monterrey,Merida
2010-08-25,Charlotte,Nashville
2010-08-25,Calgary,Denver
2010-08-25,Tijuana,Oakland
2010-08-25,Phoenix,Los Angeles
2010-08-26,Atlanta,Birmingham
2010-08-26,Dallas,San Antonio
2010-08-26,Vancouver,Seattle
2010-08-27,Birmingham,Atlanta
2010-08-27,Vancouver,Calgary
2010-08-26,Phoenix,Tijuana
2010-08-27,Denver,Seattle
2010-08-26,Merida,Monterrey
2010-08-27,San Antonio,Dallas
2010-08-27,Oakland,Los Angeles
2010-08-27,Nashville,Charlotte
2010-08-28,Birmingham,Atlanta
2010-08-28,Vancouver,Calgary
2010-08-27,Phoenix,Tijuana
2010-08-28,Denver,Seattle
2010-08-27,Merida,Monterrey
2010-08-28,San Antonio,Dallas
2010-08-28,Oakland,Los Angeles
2010-08-28,Nashville,Charlotte
2010-08-29,Birmingham,Atlanta
2010-08-29,Vancouver,Calgary
2010-08-28,Phoenix,Tijuana
2010-08-29,Denver,Seattle
2010-08-28,Merida,Monterrey
2010-08-29,San Antonio,Dallas
2010-08-29,Oakland,Los Angeles
2010-08-29,Nashville,Charlotte
2010-08-29,Merida,Tijuana
2010-08-30,Calgary,Birmingham
2010-08-30,Charlotte,Seattle
2010-08-30,San Antonio,Oakland
2010-08-30,Monterrey,Los Angeles
2010-08-30,Atlanta,Vancouver
2010-08-30,Denver,Nashville
2010-08-30,Dallas,Phoenix
2010-08-30,Merida,Tijuana
2010-08-31,Calgary,Birmingham
2010-08-31,Charlotte,Seattle
2010-08-31,San Antonio,Oakland
2010-08-31,Monterrey,Los Angeles
2010-08-31,Atlanta,Vancouver
2010-08-31,Denver,Nashville
2010-08-31,Dallas,Phoenix
2010-08-31,Merida,Tijuana
2010-09-01,Calgary,Birmingham
2010-09-01,Charlotte,Seattle
2010-09-01,San Antonio,Oakland
2010-09-01,Monterrey,Los Angeles
2010-09-01,Atlanta,Vancouver
2010-09-01,Denver,Nashville
2010-09-01,Dallas,Phoenix
2010-09-02,Seattle,Nashville
2010-09-02,Birmingham,Denver
2010-09-02,Dallas,Tijuana
2010-09-02,Oakland,Monterrey
2010-09-02,Los Angeles,San Antonio
2010-09-03,Charlotte,Vancouver
2010-09-03,Calgary,Atlanta
2010-09-03,Merida,Phoenix
2010-09-03,Seattle,Nashville
2010-09-03,Birmingham,Denver
2010-09-03,Dallas,Tijuana
2010-09-03,Oakland,Monterrey
2010-09-03,Los Angeles,San Antonio
2010-09-04,Charlotte,Vancouver
2010-09-04,Calgary,Atlanta
2010-09-04,Merida,Phoenix
2010-09-04,Seattle,Nashville
2010-09-04,Birmingham,Denver
2010-09-04,Dallas,Tijuana
2010-09-04,Oakland,Monterrey
2010-09-04,Los Angeles,San Antonio
2010-09-05,Charlotte,Vancouver
2010-09-05,Calgary,Atlanta
2010-09-05,Merida,Phoenix
2010-09-05,Dallas,Los Angeles
2010-09-06,Birmingham,Calgary
2010-09-05,Nashville,Seattle
2010-09-06,Phoenix,Monterrey
2010-09-05,Tijuana,San Antonio
2010-09-06,Vancouver,Atlanta
2010-09-06,Charlotte,Denver
2010-09-06,Oakland,Merida
2010-09-06,Dallas,Los Angeles
2010-09-07,Birmingham,Calgary
2010-09-06,Nashville,Seattle
2010-09-07,Phoenix,Monterrey
2010-09-06,Tijuana,San Antonio
2010-09-07,Vancouver,Atlanta
2010-09-07,Charlotte,Denver
2010-09-07,Oakland,Merida
2010-09-07,Dallas,Los Angeles
2010-09-08,Birmingham,Calgary
2010-09-07,Nashville,Seattle
2010-09-08,Phoenix,Monterrey
2010-09-07,Tijuana,San Antonio
2010-09-08,Vancouver,Atlanta
2010-09-08,Charlotte,Denver
2010-09-08,Oakland,Merida
2010-09-09,Charlotte,Calgary
2010-09-09,Los Angeles,Monterrey
2010-09-09,Nashville,Denver
2010-09-09,Vancouver,Birmingham
2010-09-09,Phoenix,San Antonio
2010-09-09,Oakland,Dallas
2010-09-09,Atlanta,Seattle
2010-09-09,Tijuana,Merida
2010-09-10,Charlotte,Calgary
2010-09-10,Los Angeles,Monterrey
2010-09-10,Nashville,Denver
2010-09-10,Vancouver,Birmingham
2010-09-10,Phoenix,San Antonio
2010-09-10,Oakland,Dallas
2010-09-10,Atlanta,Seattle
2010-09-10,Tijuana,Merida
2010-09-11,Charlotte,Calgary
2010-09-11,Los Angeles,Monterrey
2010-09-11,Nashville,Denver
2010-09-11,Vancouver,Birmingham
2010-09-11,Phoenix,San Antonio
2010-09-11,Oakland,Dallas
2010-09-11,Atlanta,Seattle
2010-09-11,Tijuana,Merida
2010-09-12,Phoenix,Oakland
2010-09-12,Dallas,Monterrey
2010-09-12,Atlanta,Charlotte
2010-09-12,Vancouver,Denver
2010-09-12,Tijuana,Los Angeles
2010-09-13,Merida,San Antonio
2010-09-13,Nashville,Birmingham
2010-09-13,Calgary,Seattle
2010-09-13,Phoenix,Oakland
2010-09-13,Dallas,Monterrey
2010-09-13,Atlanta,Charlotte
2010-09-13,Vancouver,Denver
2010-09-13,Tijuana,Los Angeles
2010-09-14,Merida,San Antonio
2010-09-14,Nashville,Birmingham
2010-09-14,Calgary,Seattle
2010-09-14,Phoenix,Oakland
2010-09-14,Dallas,Monterrey
2010-09-14,Atlanta,Charlotte
2010-09-14,Vancouver,Denver
2010-09-14,Tijuana,Los Angeles
2010-09-15,Merida,San Antonio
2010-09-15,Nashville,Birmingham
2010-09-15,Calgary,Seattle
2010-09-16,Charlotte,Birmingham
2010-09-15,Los Angeles,Oakland
2010-09-16,Seattle,Denver
2010-09-16,San Antonio,Monterrey
2010-09-16,Nashville,Atlanta
2010-09-16,Merida,Dallas
2010-09-16,Calgary,Vancouver
2010-09-16,Tijuana,Phoenix
2010-09-17,Charlotte,Birmingham
2010-09-16,Los Angeles,Oakland
2010-09-17,Seattle,Denver
2010-09-17,San Antonio,Monterrey
2010-09-17,Nashville,Atlanta
2010-09-17,Merida,Dallas
2010-09-17,Calgary,Vancouver
2010-09-17,Tijuana,Phoenix
2010-09-18,Charlotte,Birmingham
2010-09-17,Los Angeles,Oakland
2010-09-18,Seattle,Denver
2010-09-18,San Antonio,Monterrey
2010-09-18,Nashville,Atlanta
2010-09-18,Merida,Dallas
2010-09-18,Calgary,Vancouver
2010-09-18,Tijuana,Phoenix
2010-09-19,Birmingham,Nashville
2010-09-19,Monterrey,Dallas
2010-09-19,Oakland,Phoenix
2010-09-19,Denver,Vancouver
2010-09-19,Charlotte,Atlanta
2010-09-19,San Antonio,Merida
2010-09-19,Los Angeles,Tijuana
2010-09-19,Seattle,Calgary
2010-09-20,Birmingham,Nashville
2010-09-20,Monterrey,Dallas
2010-09-20,Oakland,Phoenix
2010-09-20,Denver,Vancouver
2010-09-20,Charlotte,Atlanta
2010-09-20,San Antonio,Merida
2010-09-20,Los Angeles,Tijuana
2010-09-20,Seattle,Calgary
2010-09-21,Birmingham,Nashville
2010-09-21,Monterrey,Dallas
2010-09-21,Oakland,Phoenix
2010-09-21,Denver,Vancouver
2010-09-21,Charlotte,Atlanta
2010-09-21,San Antonio,Merida
2010-09-21,Los Angeles,Tijuana
2010-09-21,Seattle,Calgary
2010-09-22,Los Angeles,Phoenix
2010-09-22,Birmingham,Charlotte
2010-09-22,Oakland,Tijuana
2010-09-22,Seattle,Vancouver
2010-09-22,Denver,Calgary
2010-09-23,Atlanta,Nashville
2010-09-23,Monterrey,San Antonio
2010-09-23,Dallas,Merida
2010-09-23,Los Angeles,Phoenix
2010-09-23,Birmingham,Charlotte
2010-09-23,Oakland,Tijuana
2010-09-23,Seattle,Vancouver
2010-09-23,Denver,Calgary
2010-09-24,Atlanta,Nashville
2010-09-24,Monterrey,San Antonio
2010-09-24,Dallas,Merida
2010-09-24,Los Angeles,Phoenix
2010-09-24,Birmingham,Charlotte
2010-09-24,Oakland,Tijuana
2010-09-24,Seattle,Vancouver
2010-09-24,Denver,Calgary
2010-09-25,Atlanta,Nashville
2010-09-25,Monterrey,San Antonio
2010-09-25,Dallas,Merida
2010-09-26,,
2010-09-27,,
2010-09-28,,
2010-08-26,Nashville,Charlotte
2010-08-23,Birmingham,Atlanta
2010-09-25,Birmingham,Charlotte
2010-07-14,Nashville,Atlanta
2010-09-15,Atlanta,Charlotte
2010-08-16,Birmingham,Nashville
2010-08-19,Charlotte,Atlanta
2010-09-12,Nashville,Birmingham
2010-09-22,Atlanta,Nashville
2010-04-14,Charlotte,Birmingham
2010-08-25,Charlotte,Nashville
2010-08-24,Atlanta,Birmingham
2010-08-28,Merida,Monterrey
2010-08-23,Dallas,San Antonio
2010-09-22,Dallas,Merida
2010-04-04,San Antonio,Monterrey
2010-07-14,San Antonio,Dallas
2010-07-14,Monterrey,Merida
2010-07-13,San Antonio,Merida
2010-09-15,Dallas,Monterrey
2010-09-12,Merida,San Antonio
2010-07-10,Monterrey,Dallas
2010-09-22,Monterrey,San Antonio
2010-08-19,Merida,Dallas
2010-09-15,Vancouver,Denver
2010-08-19,Seattle,Calgary
2010-08-26,Calgary,Denver
2010-09-25,Seattle,Vancouver
2010-08-23,Vancouver,Seattle
2010-09-25,Denver,Calgary
2010-07-04,Calgary,Vancouver
2010-07-15,Denver,Seattle
2010-07-07,Seattle,Denver
2010-07-14,Vancouver,Calgary
2010-09-12,Calgary,Seattle
2010-07-13,Denver,Vancouver
2010-08-16,Los Angeles,Tijuana
2010-08-19,Oakland,Phoenix
2010-04-07,Tijuana,Oakland
2010-09-25,Los Angeles,Phoenix
2010-08-27,Phoenix,Tijuana
2010-09-18,Los Angeles,Oakland
2010-09-25,Oakland,Tijuana
2010-07-16,Phoenix,Los Angeles
2010-08-26,Oakland,Los Angeles
2010-09-15,Tijuana,Phoenix
2010-07-09,Phoenix,Oakland
2010-07-08,Tijuana,Los Angeles
